Adding 500 card numbers to file
6357 9020 5367 6626
8172 5765 3519 8836
8350 5687 1562 3984
3962 9093 2910 0962
0763 4368 2923 1748
7317 0694 3440 2341
1092 8197 7130 9812
6807 7296 6690 7130
9831 7314 6114 0671
0698 1011 1357 9158
6790 8859 7752 1249
9799 7559 8791 6702
3247 8583 4164 2310
5316 8168 2602 3316
4544 4116 1373 3298
9796 4565 0051 1558
9662 5221 7177 6837
9461 2132 9907 4122
4000 7897 8742 2344
4085 6752 8227 7184
9569 0795 3182 9990
4404 1362 2115 7676
9918 5520 6025 3459
8702 6051 3566 6766
8694 6880 2524 2773
6938 1187 4618 5697
0258 6863 6047 5326
2434 4741 9459 3462
8436 7408 2361 9844
2668 5969 6590 1370
2898 2688 0180 6005
3142 4335 3336 6106
9058 1178 9668 9753
1104 7174 5989 7882
1984 2094 4699 5081
3288 6179 2625 9522
8423 2647 1093 7248
0295 4612 9001 8496
3728 0230 1575 1586
6765 8511 5345 4093
0612 2647 5206 2671
4522 4334 4427 0171
5900 0247 8807 4557
0804 2695 4159 2050
3763 7255 4108 8616
0085 1356 3045 4157
9663 6049 5915 4632
5356 9445 5713 7682
7170 7991 9890 7228
3297 5287 2781 1982
8402 6686 5706 4128
6763 1288 3153 0061
0053 9236 6816 2612
3399 2091 6043 5384
6358 5146 2394 1577
0034 7619 0635 7683
6938 0780 9688 9217
8623 1782 6154 2751
9119 2548 8883 4381
2502 4559 0571 3645
1434 2023 0407 0960
3323 8075 0813 0061
4368 5349 0824 6966
7307 6926 9714 8830
3234 5441 2930 7996
1620 5087 3921 6281
3142 3235 4170 3871
0838 8473 8116 8618
6460 8363 9573 0101
9271 6894 9816 8858
5376 2132 8240 4536
2536 4107 6581 2805
2508 3954 5517 4315
2972 3423 6514 0371
8318 3728 1511 4122
7302 9861 2861 5473
6893 0992 8784 1307
2327 8070 9273 1439
3461 6858 6457 7063
1704 3208 9279 5195
2978 7059 9878 1957
2223 2355 9016 7051
6506 3791 2864 1291
3502 8533 1666 2179
9363 6039 7769 7443
8300 8876 8741 0258
2876 6616 0641 6366
5782 4833 9469 4096
4736 1187 1994 2412
7138 8757 3725 0907
5678 2194 7756 0227
3623 1616 7706 5022
3957 6810 0423 8485
4630 3522 4484 5231
0944 8166 0559 0734
6149 6117 2748 9513
2877 1019 1946 9256
0946 8892 9541 6104
2714 8535 4585 7893
5991 1956 2526 0490
8667 2690 6091 1789
2472 3673 9861 2042
9288 0842 1656 1389
3502 4232 6601 6972
9883 7260 5748 8051
0442 5055 0715 2233
3471 2906 0214 7200
7550 6664 2658 0582
7836 0304 3543 8629
1380 3916 1450 0628
1607 8231 6088 5182
7522 1432 4379 5871
7439 8424 7013 1781
9995 6826 7169 8622
4440 8102 4871 6823
3730 4381 9707 5610
5078 3257 9241 7112
7886 6103 5157 1195
1653 3494 3370 4037
9527 1431 6707 9394
8140 0703 6130 1978
2172 2638 1443 6160
2297 8493 4423 8967
0914 1932 8810 8028
2574 9364 4027 1333
0239 1154 3322 7831
5475 0127 0387 5112
8930 0134 5695 1699
1748 2781 6750 8206
0725 2223 4034 6737
3454 2190 8964 7789
2178 3316 7220 2471
5413 9474 1487 6013
9336 0899 8197 8959
0201 7351 7732 0924
6513 5427 2751 5221
6096 5480 8321 6200
2325 4848 6083 3128
2547 6868 7931 0789
7268 0249 3958 3425
7094 6334 6553 1192
8563 6349 1605 3372
9887 8542 0612 0189
9659 0509 3175 5540
2625 0536 5508 6247
6593 2163 5162 7304
9521 7839 2595 3301
1521 8546 8794 4627
7266 1349 3365 6275
7790 1943 8069 6740
8769 0791 4507 8000
7721 0471 5551 6697
4349 1878 2001 3008
5649 1745 0434 9852
2825 6494 1390 1821
0252 4922 2217 6772
0526 0138 5564 1815
8082 0537 2140 4054
2932 3754 5958 2628
4220 4318 8497 0578
9557 5521 1323 2464
1473 9948 1648 3689
8627 7856 7967 4301
0593 8973 4728 8062
3590 4295 4109 3309
6327 6096 6734 0963
2705 8607 4016 8894
0889 3069 9519 4864
9772 5865 6637 0529
0319 0062 5522 1130
7723 6319 7864 7231
0898 6731 8328 9510
1844 0524 2006 0575
1009 7165 3916 6462
2162 4262 9934 1625
8008 9443 3501 0041
5920 0567 1228 5111
2573 4746 0658 2195
2840 6343 6663 4968
8347 1512 2902 6493
8259 2550 4945 1074
5025 1647 4551 3147
4695 1264 7158 0949
4781 1704 5802 2181
3542 5355 3589 6181
9429 8840 2849 0002
2597 7248 7199 3978
5524 7659 7234 7599
0048 0843 7964 4154
7032 1192 5006 9809
8363 4317 7163 9037
6153 0883 8031 3525
3475 6231 9646 7400
0273 1374 3286 6739
8677 7532 9806 5201
0551 8843 9502 0308
2203 1692 7529 0371
6303 8942 7875 1158
0079 2050 1859 2973
8523 2069 9833 4746
4348 2771 2749 6740
9143 2163 8353 2570
4947 5254 3335 4069
0710 5644 2787 8745
0896 0162 0076 5371
7004 4983 4508 3387
5174 7797 4259 2841
7972 9078 1679 5277
3154 1367 9713 9458
2058 0603 5470 6203
4817 0005 4429 9873
4727 6316 5374 8505
2534 0116 4817 5923
0511 5172 2941 3146
0379 3460 0791 1530
5975 5582 0764 1298
0150 0062 9238 8563
3356 5054 8564 5149
7248 2584 8431 3946
4260 1082 9720 1301
8768 4792 4852 1222
6155 1084 5996 5886
4016 8972 2588 6814
1944 0869 8933 8948
4223 8349 0358 2307
6824 8807 3009 6886
1798 2640 3804 1931
7191 4438 7088 3549
7549 9911 4046 6999
3453 4177 3507 5410
4018 3181 2231 4964
2595 4465 5186 8013
1843 1199 8133 1298
9767 7947 9657 4608
3760 1588 4634 5510
8272 5414 6238 3313
8635 9107 3930 5114
4266 1188 2582 2324
6302 5135 3738 0036
3743 5714 2446 8318
5470 8447 4904 1738
3442 3604 3759 1033
6745 1955 7694 1830
9256 7073 4326 3143
7855 1244 7338 1431
6174 9595 3880 6443
3583 1608 2745 5784
1212 8217 4819 9933
6753 7359 5085 5384
4059 5896 0181 5750
9081 7632 0909 9478
5517 4744 2830 7260
5444 8716 1751 0604
7489 7395 9661 0723
9571 2983 1035 6068
5139 5848 9967 2956
8732 6668 3538 0920
9108 0367 5021 0599
1690 6589 2583 4960
3037 3059 3171 3741
3355 8271 7298 6540
7162 5186 6422 1041
5323 0683 0499 2189
5414 2866 4421 7469
7322 4503 3826 1335
0465 9161 2080 3775
9559 2622 4331 4673
2452 3333 3892 0246
4155 2967 0182 6876
2510 9250 8695 8623
6385 8595 7454 4046
4940 8636 0778 3368
4122 7035 6984 0709
8361 6000 5556 3202
1258 8263 2523 2556
8663 5496 9150 1255
5593 0795 4822 1718
7574 2109 9995 8008
9357 1980 7127 4643
0444 7121 7487 4234
7053 5733 7236 2795
4163 3870 5929 4005
8210 4481 6612 7977
8279 5006 4044 5884
6942 9370 3758 2971
5893 2434 7531 9492
3726 0375 0049 7689
1379 7469 5198 8913
4541 2570 3778 6765
9035 4884 8651 6617
8171 2858 1023 3430
2945 3269 8783 9225
5071 3892 1999 5040
2379 9208 7678 2457
9187 0334 5048 1814
2583 6333 6506 2271
4657 9548 7292 3889
4037 4855 9034 0800
4297 7933 9410 6219
5638 9224 0080 1035
4787 8770 7192 5533
3827 3693 8278 1189
4932 9881 7516 2354
4459 0774 1480 4233
1674 0010 2051 0468
0521 5813 1947 2857
7663 2419 5479 1144
2519 9873 3965 6652
4793 8789 3019 9148
2504 1556 0733 5055
6234 4867 1789 7942
8960 4211 4715 5799
0274 6136 6733 9005
4039 8446 4077 8054
8065 7583 8356 2269
4302 8899 1452 3439
5834 7746 1828 9855
9673 8837 6823 1793
0288 9357 8864 4698
9081 3741 6538 2591
2807 6570 5253 9234
9197 7270 4998 8811
3653 2497 9832 4106
6546 6469 4682 3455
0318 0683 2917 6717
8904 2260 8958 6664
5628 2358 4854 9674
1520 9409 5307 4438
8644 9982 2697 8807
5989 4916 0675 8980
7726 6303 9025 6958
0435 2353 1559 8604
7438 0727 4482 7953
1898 5177 8678 0052
1733 1539 6875 1809
4353 7324 8004 5049
9781 5935 7511 7106
4682 5636 3331 8823
7117 4199 9797 5286
7913 8853 5815 5849
4978 4969 2859 8374
1234 4920 4532 3974
6475 4626 0865 1290
7354 3658 7309 6899
3634 0787 8939 7217
4065 4332 5410 5668
4412 1047 5335 9466
4141 9163 1328 7368
4388 8973 7079 2890
0813 1390 7034 0222
5990 3525 9015 1177
0882 0379 9677 0256
7200 4912 3821 1464
3192 5758 0110 8971
6011 2600 8197 1404
7068 5171 8503 6099
8364 8943 0801 5519
9566 3477 6448 7833
2378 9864 5711 4841
1053 9768 6638 0236
2795 8652 1760 0692
2162 4842 9911 8675
0969 1531 6339 9849
7188 7307 1868 1563
9653 6200 6078 2006
0620 4352 6901 5267
3615 6837 3254 9914
1285 3033 8103 7540
1699 2398 2979 6901
6801 5161 3338 9901
3179 0931 0106 0162
4939 8822 0237 2909
5857 5457 3111 3210
1318 4978 4603 4315
8269 5191 7548 0928
3253 0021 6873 3800
5280 6084 6587 4287
0308 6500 9119 9316
1283 9080 9779 2964
1761 5035 8167 5907
7504 2995 8522 9671
0053 9904 7536 2883
2837 6416 6037 4683
6642 7539 8651 0217
1567 7384 5508 4374
5539 9236 4767 2650
9065 6651 9433 5116
0927 8293 6658 7287
8723 3878 1192 9389
4693 1995 0529 1702
0925 4859 1059 4998
6894 3263 9868 9054
0947 6861 6779 9818
0593 6270 9457 2768
5761 5297 7945 1893
0966 6269 3260 7124
6299 2055 1033 6045
2020 0706 3354 2928
8173 6916 4934 5196
9517 1132 6729 4880
0985 4112 2687 7064
6551 8163 7340 1230
4239 8418 0801 2183
3811 8386 9914 4412
0785 5501 3123 3780
4947 2553 0423 5714
6417 4944 2439 9383
1040 9155 7652 1404
3217 9367 2686 3572
9426 0776 4940 7488
0468 6110 4217 9977
7717 9003 4056 6470
3446 5138 2587 5675
7148 6439 6648 1637
3583 5250 2047 5765
4724 2142 8657 8459
0284 0683 7275 1960
1620 2520 5428 6419
4402 4699 1388 3701
9106 6708 8137 1318
3855 5775 6732 6977
3104 9130 7488 7970
4373 3991 8603 9365
5575 7357 9197 2586
7185 8046 8290 0565
5660 7061 7914 1769
9953 9308 6530 1366
6801 1717 3895 6181
9165 4053 3728 6408
4659 8674 9886 2836
3387 7844 0041 0953
7686 2779 5927 7641
3664 7941 4264 9226
0575 3475 9622 3883
4178 7564 8964 8225
4502 1107 1404 8115
5215 0301 4810 4133
5287 4150 2410 2090
9043 7172 0121 5745
1008 5749 3085 5808
7877 6858 3100 3150
7531 2956 9588 5532
8581 1381 0181 7680
4063 7848 0017 4489
0752 3501 1888 4633
7179 5165 5940 8955
8745 0184 4085 0969
1271 9298 8791 1709
3362 9885 3924 5649
3077 0177 8785 4864
6405 9321 1706 7761
1151 9756 7918 5536
3883 6665 7106 3084
6082 0672 1606 0829
8772 7114 5831 7675
9846 0617 9069 6158
3455 1132 7689 8298
4418 9901 9807 2266
8629 2054 7549 4919
4761 9362 7305 1157
2316 0400 4593 2176
4550 6651 5918 4650
9585 3067 5685 4431
6529 9414 5042 1098
7015 9310 1446 9609
1790 2584 4988 9449
6873 6835 3956 6152
8008 1885 5029 3391
5995 9900 6824 4472
4576 8842 6517 7074
2742 3881 4161 3156
9679 0666 1662 7966
7156 8860 2731 2999
6435 1134 4784 3767
0901 6643 1687 5197
2662 2451 7685 3105
5466 5566 2678 4836
2961 8954 8263 6038
0867 9533 9628 8302
9370 4345 8702 0862
6555 6444 3151 4596
7970 2608 2215 1594
3478 5663 2229 6051
1387 5288 2017 9423
9955 5720 8769 5833
9021 8138 7677 3393
4245 3060 6654 1994
8459 1911 1722 5439
3896 0231 0835 6083
5152 5732 7466 7287
4125 5877 7139 4812
5410 1294 0270 7004
6250 5754 6586 9555
6967 9126 4809 4112
1840 9602 3268 6037
9601 4628 6655 7974
5031 2815 5924 8149
8491 0872 3803 9222
2384 1434 3372 9522
6020 0492 5534 4996
